{
 "cells": [
  {
   "cell_type": "markdown",
   "id": "e524fe54",
   "metadata": {},
   "source": [
    "# # importing\n"
   ]
  },
  {
   "cell_type": "code",
   "execution_count": 1,
   "id": "23099098",
   "metadata": {},
   "outputs": [],
   "source": [
    "from nltk.corpus import stopwords #you can remove stop words for speed\n",
    "from nltk.cluster.util import cosine_distance\n",
    "import numpy as np\n",
    "import networkx as nx\n"
   ]
  },
  {
   "cell_type": "markdown",
   "id": "f917a091",
   "metadata": {},
   "source": [
    "# splitting text"
   ]
  },
  {
   "cell_type": "code",
   "execution_count": 2,
   "id": "47511157",
   "metadata": {},
   "outputs": [
    {
     "name": "stdout",
     "output_type": "stream",
     "text": [
      "As an institution of higher learning, Sacred Heart University places special emphasis on academic integrity, which is a commitment to the fundamental values of honesty, trust, fairness, respect, and responsibility\n",
      "Only when these values are widely respected and practiced by all members of the University students, faculty, administrators, and staff can the University maintain a culture that promotes free exploration of knowledge, constructive debate, genuine learning, effective research, fair assessment of student progress, and development of members characters\n",
      "These aims of the University require that its members exercise mutual responsibilities\n",
      "At its core, academic integrity is secured by a principled commitment to carry out these responsibilities, not by rules and penalties\n",
      "Students and faculty should strive to create an academic environment that is honest, fair, and respectful of all\n",
      "They do this by evaluating others work fairly, by responding to others ideas critically yet courteously, by respecting others intellectual and physical property, and by nurturing the values of academic integrity in all contexts of University life\n",
      "Appropriate disciplinary action will be taken for violations of academic integrity, including plagiarism, cheating, any use of materials for an assignment or exam that is not permitted by the instructor, and theft or mutilation of intellectual materials or other University equipment\n",
      "Faculty will assign failing grades for violations of the University policy on academic integrity and students may immediately receive an F for a course in which they commit a violation\n",
      "Violations of academic integrity are kept on file second violations will bring additional sanctions, up to dismissal from the University\n",
      "For any disciplinary action, the University affords the student the right of due process in an appeals procedure\n",
      "All matriculated students will be provided with a full description of the University standards for academic integrity, consequences for violations, and the appeals procedure.\n"
     ]
    }
   ],
   "source": [
    "file = open(r\"C:\\Users\\Venkat Dyagala\\Desktop\\TBA_Class\\TBA\\Text3.txt\", \"r\")\n",
    "#This file contains one paragraph of multiple sentences\n",
    "filedata = file.readlines()\n",
    "article = filedata[0].split(\". \") #Just do the first paragraph\n",
    "\n",
    "sentences = []\n",
    "for sentence in article:\n",
    "    print(sentence)\n",
    "    sentences.append(sentence.replace(\"[^a-zA-Z]\", \" \").split(\" \"))\n"
   ]
  },
  {
   "cell_type": "code",
   "execution_count": 3,
   "id": "22c1ac69",
   "metadata": {},
   "outputs": [],
   "source": [
    "def sentence_similarity(sent1, sent2 ):\n",
    "    sent1 = [w.lower() for w in sent1]\n",
    "    sent2 = [w.lower() for w in sent2]\n",
    "    all_words = list(set(sent1 + sent2))\n",
    "    vector1 = [0] * len(all_words)\n",
    "    vector2 = [0] * len(all_words)\n",
    "     # build the vector for the first sentence\n",
    "    for w in sent1:\n",
    "          vector1[all_words.index(w)] += 1\n",
    "     # build the vector for the second sentence\n",
    "    for w in sent2:\n",
    "          vector2[all_words.index(w)] += 1\n",
    "    return 1 - cosine_distance(vector1, vector2)\n"
   ]
  },
  {
   "cell_type": "markdown",
   "id": "d81d74a0",
   "metadata": {},
   "source": [
    "# creating the matrix"
   ]
  },
  {
   "cell_type": "code",
   "execution_count": 4,
   "id": "1c08a2d2",
   "metadata": {},
   "outputs": [
    {
     "name": "stdout",
     "output_type": "stream",
     "text": [
      "Smilarity matrix \n",
      " [[0.         0.375      0.20412415 0.22116293 0.31622777 0.25315802\n",
      "  0.30439039 0.33348648 0.26382243 0.25259074 0.3006689 ]\n",
      " [0.375      0.         0.40824829 0.17201562 0.31622777 0.36822985\n",
      "  0.32780503 0.26274693 0.22613351 0.3127314  0.33407655]\n",
      " [0.20412415 0.40824829 0.         0.12038585 0.12909944 0.15032921\n",
      "  0.22941573 0.14852213 0.18463724 0.29462783 0.21821789]\n",
      " [0.22116293 0.17201562 0.12038585 0.         0.2331262  0.35290144\n",
      "  0.16571045 0.17879963 0.13336627 0.         0.11821656]\n",
      " [0.31622777 0.31622777 0.12909944 0.2331262  0.         0.26200013\n",
      "  0.26655699 0.26843775 0.14301939 0.09128709 0.25354628]\n",
      " [0.25315802 0.36822985 0.15032921 0.35290144 0.26200013 0.\n",
      "  0.27590308 0.22327214 0.19429458 0.1860229  0.22143052]\n",
      " [0.30439039 0.32780503 0.22941573 0.16571045 0.26655699 0.27590308\n",
      "  0.         0.3180176  0.25415212 0.32444284 0.37546963]\n",
      " [0.33348648 0.26274693 0.14852213 0.17879963 0.26843775 0.22327214\n",
      "  0.3180176  0.         0.32907259 0.31506302 0.45374261]\n",
      " [0.26382243 0.22613351 0.18463724 0.13336627 0.14301939 0.19429458\n",
      "  0.25415212 0.32907259 0.         0.21759707 0.24174689]\n",
      " [0.25259074 0.3127314  0.29462783 0.         0.09128709 0.1860229\n",
      "  0.32444284 0.31506302 0.21759707 0.         0.42433421]\n",
      " [0.3006689  0.33407655 0.21821789 0.11821656 0.25354628 0.22143052\n",
      "  0.37546963 0.45374261 0.24174689 0.42433421 0.        ]]\n"
     ]
    }
   ],
   "source": [
    "similarity_matrix = np.zeros((len(sentences), len(sentences)))\n",
    " \n",
    "for idx1 in range(len(sentences)):\n",
    "        for idx2 in range(len(sentences)):\n",
    "             if idx1 == idx2: #ignore if both are same sentences\n",
    "                continue \n",
    "             similarity_matrix[idx1][idx2] = sentence_similarity(sentences[idx1], sentences[idx2])\n",
    "\n",
    "print(\"Smilarity matrix \\n\", similarity_matrix)\n"
   ]
  },
  {
   "cell_type": "markdown",
   "id": "0ac08e6a",
   "metadata": {},
   "source": [
    "# # Rank sentences in similarity martix\n"
   ]
  },
  {
   "cell_type": "code",
   "execution_count": 5,
   "id": "3544dfd7",
   "metadata": {},
   "outputs": [
    {
     "name": "stdout",
     "output_type": "stream",
     "text": [
      "scores {0: 0.10052808533762261, 1: 0.1092617813187325, 2: 0.07743541734389628, 3: 0.06555131921078501, 4: 0.08353031285994028, 5: 0.09032582020361654, 6: 0.10094508912146115, 7: 0.10059598487085707, 8: 0.08058955768995534, 9: 0.08737172856802625, 10: 0.10386490347510732}\n"
     ]
    }
   ],
   "source": [
    "sentence_similarity_graph = nx.from_numpy_array(similarity_matrix)\n",
    "scores = nx.pagerank(sentence_similarity_graph)\n",
    "print(\"scores\", scores)\n"
   ]
  },
  {
   "cell_type": "markdown",
   "id": "1730a75f",
   "metadata": {},
   "source": [
    "# Sort the rank and pick top sentences"
   ]
  },
  {
   "cell_type": "code",
   "execution_count": 6,
   "id": "2f9962c2",
   "metadata": {},
   "outputs": [
    {
     "name": "stdout",
     "output_type": "stream",
     "text": [
      "Indexes of top ranked_sentence order are \n",
      "\n",
      " [(0.1092617813187325, ['Only', 'when', 'these', 'values', 'are', 'widely', 'respected', 'and', 'practiced', 'by', 'all', 'members', 'of', 'the', 'University', 'students,', 'faculty,', 'administrators,', 'and', 'staff', 'can', 'the', 'University', 'maintain', 'a', 'culture', 'that', 'promotes', 'free', 'exploration', 'of', 'knowledge,', 'constructive', 'debate,', 'genuine', 'learning,', 'effective', 'research,', 'fair', 'assessment', 'of', 'student', 'progress,', 'and', 'development', 'of', 'members', 'characters']), (0.10386490347510732, ['All', 'matriculated', 'students', 'will', 'be', 'provided', 'with', 'a', 'full', 'description', 'of', 'the', 'University', 'standards', 'for', 'academic', 'integrity,', 'consequences', 'for', 'violations,', 'and', 'the', 'appeals', 'procedure.']), (0.10094508912146115, ['Appropriate', 'disciplinary', 'action', 'will', 'be', 'taken', 'for', 'violations', 'of', 'academic', 'integrity,', 'including', 'plagiarism,', 'cheating,', 'any', 'use', 'of', 'materials', 'for', 'an', 'assignment', 'or', 'exam', 'that', 'is', 'not', 'permitted', 'by', 'the', 'instructor,', 'and', 'theft', 'or', 'mutilation', 'of', 'intellectual', 'materials', 'or', 'other', 'University', 'equipment']), (0.10059598487085707, ['Faculty', 'will', 'assign', 'failing', 'grades', 'for', 'violations', 'of', 'the', 'University', 'policy', 'on', 'academic', 'integrity', 'and', 'students', 'may', 'immediately', 'receive', 'an', 'F', 'for', 'a', 'course', 'in', 'which', 'they', 'commit', 'a', 'violation']), (0.10052808533762261, ['As', 'an', 'institution', 'of', 'higher', 'learning,', 'Sacred', 'Heart', 'University', 'places', 'special', 'emphasis', 'on', 'academic', 'integrity,', 'which', 'is', 'a', 'commitment', 'to', 'the', 'fundamental', 'values', 'of', 'honesty,', 'trust,', 'fairness,', 'respect,', 'and', 'responsibility']), (0.09032582020361654, ['They', 'do', 'this', 'by', 'evaluating', 'others', 'work', 'fairly,', 'by', 'responding', 'to', 'others', 'ideas', 'critically', 'yet', 'courteously,', 'by', 'respecting', 'others', 'intellectual', 'and', 'physical', 'property,', 'and', 'by', 'nurturing', 'the', 'values', 'of', 'academic', 'integrity', 'in', 'all', 'contexts', 'of', 'University', 'life']), (0.08737172856802625, ['For', 'any', 'disciplinary', 'action,', 'the', 'University', 'affords', 'the', 'student', 'the', 'right', 'of', 'due', 'process', 'in', 'an', 'appeals', 'procedure']), (0.08353031285994028, ['Students', 'and', 'faculty', 'should', 'strive', 'to', 'create', 'an', 'academic', 'environment', 'that', 'is', 'honest,', 'fair,', 'and', 'respectful', 'of', 'all']), (0.08058955768995534, ['Violations', 'of', 'academic', 'integrity', 'are', 'kept', 'on', 'file', 'second', 'violations', 'will', 'bring', 'additional', 'sanctions,', 'up', 'to', 'dismissal', 'from', 'the', 'University']), (0.07743541734389628, ['These', 'aims', 'of', 'the', 'University', 'require', 'that', 'its', 'members', 'exercise', 'mutual', 'responsibilities']), (0.06555131921078501, ['At', 'its', 'core,', 'academic', 'integrity', 'is', 'secured', 'by', 'a', 'principled', 'commitment', 'to', 'carry', 'out', 'these', 'responsibilities,', 'not', 'by', 'rules', 'and', 'penalties'])]\n"
     ]
    }
   ],
   "source": [
    "ranked_sentence = sorted(((scores[i],s) for i,s in enumerate(sentences)), reverse=True)    \n",
    "print(\"Indexes of top ranked_sentence order are \\n\\n\", ranked_sentence)\n"
   ]
  },
  {
   "cell_type": "markdown",
   "id": "c182d3e9",
   "metadata": {},
   "source": [
    "# How many sentences to pick\n"
   ]
  },
  {
   "cell_type": "code",
   "execution_count": 7,
   "id": "76ed9434",
   "metadata": {},
   "outputs": [
    {
     "name": "stdout",
     "output_type": "stream",
     "text": [
      "How many sentences do you want in the summary? 6\n"
     ]
    }
   ],
   "source": [
    "n = int(input(\"How many sentences do you want in the summary? \"))\n",
    "#n=2\n",
    "summarize_text = []\n",
    "for i in range(n):\n",
    "      summarize_text.append(\" \".join(ranked_sentence[i][1]))\n",
    "\n",
    "\n"
   ]
  },
  {
   "cell_type": "markdown",
   "id": "b617a915",
   "metadata": {},
   "source": [
    "# printing the summary"
   ]
  },
  {
   "cell_type": "code",
   "execution_count": 8,
   "id": "27a7509c",
   "metadata": {},
   "outputs": [
    {
     "name": "stdout",
     "output_type": "stream",
     "text": [
      "Summarize Text: \n",
      " Only when these values are widely respected and practiced by all members of the University students, faculty, administrators, and staff can the University maintain a culture that promotes free exploration of knowledge, constructive debate, genuine learning, effective research, fair assessment of student progress, and development of members characters. All matriculated students will be provided with a full description of the University standards for academic integrity, consequences for violations, and the appeals procedure.. Appropriate disciplinary action will be taken for violations of academic integrity, including plagiarism, cheating, any use of materials for an assignment or exam that is not permitted by the instructor, and theft or mutilation of intellectual materials or other University equipment. Faculty will assign failing grades for violations of the University policy on academic integrity and students may immediately receive an F for a course in which they commit a violation. As an institution of higher learning, Sacred Heart University places special emphasis on academic integrity, which is a commitment to the fundamental values of honesty, trust, fairness, respect, and responsibility. They do this by evaluating others work fairly, by responding to others ideas critically yet courteously, by respecting others intellectual and physical property, and by nurturing the values of academic integrity in all contexts of University life\n"
     ]
    }
   ],
   "source": [
    "print(\"Summarize Text: \\n\", \". \".join(summarize_text))\n"
   ]
  }
 ],
 "metadata": {
  "kernelspec": {
   "display_name": "Python 3 (ipykernel)",
   "language": "python",
   "name": "python3"
  },
  "language_info": {
   "codemirror_mode": {
    "name": "ipython",
    "version": 3
   },
   "file_extension": ".py",
   "mimetype": "text/x-python",
   "name": "python",
   "nbconvert_exporter": "python",
   "pygments_lexer": "ipython3",
   "version": "3.9.12"
  }
 },
 "nbformat": 4,
 "nbformat_minor": 5
}
